60
71
226
397
10109
468
498
506
514
517
521
9551
539
567
805
811
1327
1337
1340
1345
1347
1349
1350
1915
1933
1937
8668
2023
2171
2197
2512
2597
2950
3015
3021
8364
3146
3151
3178
3181
3320
3326
7184
3312
3329
3336
3945
4353
100462977
100463486
4609
4637
4666
4691
4694
51079
4714
4715
4725
4738
4830
4869
4925
4946
26986
11315
5204
5478
5479
5052
5553
5685
5689
5691
5757
5901
6134
4736
6135
6136
23521
9045
6138
6139
6141
6142
6143
6144
9349
6147
6152
6154
6155
6159
6122
6156
6160
6161
6164
11224
6165
25873
6173
6166
6168
6169
6170
6124
6171
6125
6128
6129
6130
6132
6133
6175
6176
6181
6204
6205
6206
6207
6208
6209
6210
6217
6218
6222
6223
6187
6224
6227
6229
6230
6231
6232
6233
6234
6235
6188
6189
6191
6193
6194
6201
6202
3921
292
81892
6632
6633
6636
6637
6647
5552
6742
6748
3925
51372
7114
7167
7178
10376
203068
7314
59286
7388
84833
8673
4904
